kernel line : count latency dram_traffic smem_bk_conflicts smem_warp gmem_access_generated gmem_warp exposed_latency warp_divergence
bfs.1.sm_30.ptx 147 : 65535 290222 0 0 0 8357 8357 0 0 
bfs.1.sm_30.ptx 146 : 65535 410614 0 0 0 0 0 0 0 
bfs.1.sm_30.ptx 145 : 65535 291550 0 0 0 8357 8357 0 0 
bfs.1.sm_30.ptx 144 : 65535 474006 0 0 0 0 0 0 0 
bfs.1.sm_30.ptx 143 : 65535 294768 0 0 0 8357 8357 0 0 
bfs.1.sm_30.ptx 142 : 65535 680371 0 0 0 0 0 0 0 
bfs.1.sm_30.ptx 141 : 65535 289645 0 0 0 8357 8357 0 0 
bfs.1.sm_30.ptx 140 : 65535 464887 0 0 0 0 0 0 0 
bfs.1.sm_30.ptx 150 : 655360 4143424 0 0 0 0 0 0 0 
bfs.1.sm_30.ptx 139 : 65535 699412 0 0 0 0 0 0 0 
bfs.1.sm_30.ptx 138 : 65535 491255 0 0 0 0 0 0 0 
bfs.1.sm_30.ptx 137 : 65535 504099 0 0 0 0 0 0 0 
bfs.1.sm_30.ptx 135 : 655360 3840270 0 0 0 0 0 0 8357 
bfs.1.sm_30.ptx 134 : 655360 4808640 0 0 0 0 0 0 0 
bfs.1.sm_30.ptx 133 : 655360 137856352 0 0 0 20480 20480 0 0 
bfs.1.sm_30.ptx 132 : 655360 6901984 0 0 0 0 0 0 0 
bfs.1.sm_30.ptx 131 : 655360 4781248 0 0 0 0 0 0 0 
bfs.1.sm_30.ptx 130 : 655360 4875136 0 0 0 0 0 0 0 
bfs.1.sm_30.ptx 128 : 655360 0 0 0 0 0 0 0 0 
bfs.1.sm_30.ptx 127 : 655360 4899680 0 0 0 0 0 0 0 
bfs.1.sm_30.ptx 126 : 655360 6881216 0 0 0 0 0 0 0 
bfs.1.sm_30.ptx 125 : 655360 4370688 0 0 0 0 0 0 0 
bfs.1.sm_30.ptx 124 : 655360 4956128 0 0 0 0 0 0 0 
bfs.1.sm_30.ptx 123 : 655360 4141728 0 0 0 0 0 0 0 
bfs.1.sm_30.ptx 122 : 655360 2057248 0 0 0 0 0 0 0 
bfs.1.sm_30.ptx 121 : 655360 2078080 0 0 0 0 0 0 0 
bfs.1.sm_30.ptx 120 : 655360 2052928 0 0 0 0 0 0 0 
bfs.1.sm_30.ptx 119 : 655360 2084864 0 0 0 0 0 0 0 
bfs.1.sm_30.ptx 118 : 655360 2063264 0 0 0 0 0 0 0 
bfs.1.sm_30.ptx 97 : 393216 1972010 0 0 0 0 0 0 29042 
bfs.1.sm_30.ptx 59 : 65536 466548 0 0 0 0 0 0 0 
bfs.1.sm_30.ptx 58 : 65536 36749300 0 0 0 14540 8358 0 0 
bfs.1.sm_30.ptx 57 : 65536 664224 0 0 0 0 0 0 0 
bfs.1.sm_30.ptx 56 : 65536 678962 0 0 0 0 0 0 0 
bfs.1.sm_30.ptx 55 : 65536 670449 0 0 0 0 0 0 0 
bfs.1.sm_30.ptx 54 : 65536 879450 0 0 0 8358 8358 0 0 
bfs.1.sm_30.ptx 53 : 65536 442000 0 0 0 0 0 0 0 
bfs.1.sm_30.ptx 52 : 65536 492039 0 0 0 0 0 0 0 
bfs.1.sm_30.ptx 50 : 655360 3715280 0 0 0 0 0 0 8358 
bfs.1.sm_30.ptx 49 : 655360 4682496 0 0 0 0 0 0 0 
bfs.1.sm_30.ptx 48 : 655360 175651936 0 0 0 20480 20480 0 0 
bfs.1.sm_30.ptx 47 : 655360 6717888 0 0 0 0 0 0 0 
bfs.1.sm_30.ptx 46 : 655360 4720896 0 0 0 0 0 0 0 
bfs.1.sm_30.ptx 45 : 655360 4678656 0 0 0 0 0 0 0 
bfs.1.sm_30.ptx 60 : 65536 0 0 0 0 0 0 0 0 
bfs.1.sm_30.ptx 31 : 655360 4375488 0 0 0 0 0 0 0 
bfs.1.sm_30.ptx 90 : 126844 64194060 0 0 0 71028 48745 0 0 
bfs.1.sm_30.ptx 32 : 655360 4247392 0 0 0 0 0 0 0 
bfs.1.sm_30.ptx 33 : 655360 2439840 0 0 0 0 0 0 0 
bfs.1.sm_30.ptx 34 : 655360 2318272 0 0 0 0 0 0 0 
bfs.1.sm_30.ptx 93 : 393216 3941843 0 0 0 0 0 0 0 
bfs.1.sm_30.ptx 35 : 655360 2261632 0 0 0 0 0 0 0 
bfs.1.sm_30.ptx 94 : 393216 3948645 0 0 0 0 0 0 0 
bfs.1.sm_30.ptx 36 : 655360 2322432 0 0 0 0 0 0 0 
bfs.1.sm_30.ptx 95 : 393216 3944275 0 0 0 0 0 0 0 
bfs.1.sm_30.ptx 37 : 655360 2322336 0 0 0 0 0 0 0 
bfs.1.sm_30.ptx 96 : 393216 2770840 0 0 0 0 0 0 0 
bfs.1.sm_30.ptx 38 : 655360 4050464 0 0 0 0 0 0 0 
bfs.1.sm_30.ptx 39 : 655360 4853312 0 0 0 0 0 0 0 
bfs.1.sm_30.ptx 40 : 655360 4251232 0 0 0 0 0 0 0 
bfs.1.sm_30.ptx 41 : 655360 6852672 0 0 0 0 0 0 0 
bfs.1.sm_30.ptx 100 : 655360 4009248 0 0 0 0 0 0 0 
bfs.1.sm_30.ptx 42 : 655360 4796672 0 0 0 0 0 0 0 
bfs.1.sm_30.ptx 43 : 655360 0 0 0 0 0 0 0 0 
bfs.1.sm_30.ptx 62 : 65536 466914 0 0 0 0 0 0 0 
bfs.1.sm_30.ptx 63 : 65536 467836 0 0 0 0 0 0 0 
bfs.1.sm_30.ptx 64 : 65536 466772 0 0 0 0 0 0 0 
bfs.1.sm_30.ptx 65 : 65536 663401 0 0 0 0 0 0 0 
bfs.1.sm_30.ptx 66 : 65536 666451 0 0 0 0 0 0 0 
bfs.1.sm_30.ptx 67 : 65536 19169015 0 0 0 14540 8358 0 0 
bfs.1.sm_30.ptx 68 : 65536 663400 0 0 0 0 0 0 0 
bfs.1.sm_30.ptx 69 : 65536 668275 0 0 0 0 0 0 0 
bfs.1.sm_30.ptx 70 : 65536 474056 0 0 0 0 0 0 0 
bfs.1.sm_30.ptx 71 : 65536 480047 0 0 0 0 0 0 0 
bfs.1.sm_30.ptx 74 : 393216 304130312 0 0 0 238544 73417 0 0 
bfs.1.sm_30.ptx 75 : 393216 2761042 0 0 0 0 0 0 0 
bfs.1.sm_30.ptx 76 : 393216 3947886 0 0 0 0 0 0 0 
bfs.1.sm_30.ptx 77 : 393216 350756941 0 0 0 392389 73417 0 0 
bfs.1.sm_30.ptx 78 : 393216 2760957 0 0 0 0 0 0 0 
bfs.1.sm_30.ptx 79 : 393216 1601930 0 0 0 0 0 0 30393 
bfs.1.sm_30.ptx 81 : 126844 68556336 0 0 0 48745 48745 0 0 
bfs.1.sm_30.ptx 82 : 126844 1271977 0 0 0 0 0 0 0 
bfs.1.sm_30.ptx 83 : 126844 1271930 0 0 0 0 0 0 0 
bfs.1.sm_30.ptx 84 : 126844 1274944 0 0 0 0 0 0 0 
bfs.1.sm_30.ptx 85 : 126844 6091138 0 0 0 126762 48745 0 0 
bfs.1.sm_30.ptx 86 : 126844 1274793 0 0 0 0 0 0 0 
bfs.1.sm_30.ptx 87 : 126844 766114 0 0 0 0 0 0 0 
bfs.1.sm_30.ptx 88 : 126844 6478255 0 0 0 126762 48745 0 0 
bfs.1.sm_30.ptx 89 : 126844 66434543 0 0 0 71028 48745 0 0 
