kernel line : count latency dram_traffic smem_bk_conflicts smem_warp gmem_access_generated gmem_warp exposed_latency warp_divergence
bfs.1.sm_30.ptx 147 : 65535 283296 0 0 0 8357 8357 0 0 
bfs.1.sm_30.ptx 146 : 65535 412406 0 0 0 0 0 0 0 
bfs.1.sm_30.ptx 145 : 65535 287091 0 0 0 8357 8357 0 0 
bfs.1.sm_30.ptx 144 : 65535 473474 0 0 0 0 0 0 0 
bfs.1.sm_30.ptx 143 : 65535 290450 0 0 0 8357 8357 0 0 
bfs.1.sm_30.ptx 142 : 65535 680081 0 0 0 0 0 0 0 
bfs.1.sm_30.ptx 141 : 65535 285562 0 0 0 8357 8357 0 0 
bfs.1.sm_30.ptx 140 : 65535 459876 0 0 0 0 0 0 0 
bfs.1.sm_30.ptx 150 : 655360 4143680 0 0 0 0 0 0 0 
bfs.1.sm_30.ptx 139 : 65535 693151 0 0 0 0 0 0 0 
bfs.1.sm_30.ptx 138 : 65535 490701 0 0 0 0 0 0 0 
bfs.1.sm_30.ptx 137 : 65535 502422 0 0 0 0 0 0 0 
bfs.1.sm_30.ptx 135 : 655360 3825831 0 0 0 0 0 0 8357 
bfs.1.sm_30.ptx 134 : 655360 4803936 0 0 0 0 0 0 0 
bfs.1.sm_30.ptx 133 : 655360 136890240 0 0 0 20480 20480 0 0 
bfs.1.sm_30.ptx 132 : 655360 6893024 0 0 0 0 0 0 0 
bfs.1.sm_30.ptx 131 : 655360 4777952 0 0 0 0 0 0 0 
bfs.1.sm_30.ptx 130 : 655360 4868448 0 0 0 0 0 0 0 
bfs.1.sm_30.ptx 128 : 655360 0 0 0 0 0 0 0 0 
bfs.1.sm_30.ptx 127 : 655360 4883456 0 0 0 0 0 0 0 
bfs.1.sm_30.ptx 126 : 655360 6870560 0 0 0 0 0 0 0 
bfs.1.sm_30.ptx 125 : 655360 4360320 0 0 0 0 0 0 0 
bfs.1.sm_30.ptx 124 : 655360 4942720 0 0 0 0 0 0 0 
bfs.1.sm_30.ptx 123 : 655360 4143648 0 0 0 0 0 0 0 
bfs.1.sm_30.ptx 122 : 655360 2055616 0 0 0 0 0 0 0 
bfs.1.sm_30.ptx 121 : 655360 2075680 0 0 0 0 0 0 0 
bfs.1.sm_30.ptx 120 : 655360 2050112 0 0 0 0 0 0 0 
bfs.1.sm_30.ptx 119 : 655360 2082368 0 0 0 0 0 0 0 
bfs.1.sm_30.ptx 118 : 655360 2060480 0 0 0 0 0 0 0 
bfs.1.sm_30.ptx 97 : 393216 1971858 0 0 0 0 0 0 29042 
bfs.1.sm_30.ptx 59 : 65536 466612 0 0 0 0 0 0 0 
bfs.1.sm_30.ptx 58 : 65536 36668518 0 0 0 14540 8358 0 0 
bfs.1.sm_30.ptx 57 : 65536 666289 0 0 0 0 0 0 0 
bfs.1.sm_30.ptx 56 : 65536 680840 0 0 0 0 0 0 0 
bfs.1.sm_30.ptx 55 : 65536 671636 0 0 0 0 0 0 0 
bfs.1.sm_30.ptx 54 : 65536 811846 0 0 0 8358 8358 0 0 
bfs.1.sm_30.ptx 53 : 65536 441961 0 0 0 0 0 0 0 
bfs.1.sm_30.ptx 52 : 65536 491592 0 0 0 0 0 0 0 
bfs.1.sm_30.ptx 50 : 655360 3715991 0 0 0 0 0 0 8358 
bfs.1.sm_30.ptx 49 : 655360 4691488 0 0 0 0 0 0 0 
bfs.1.sm_30.ptx 48 : 655360 173245920 0 0 0 20480 20480 0 0 
bfs.1.sm_30.ptx 47 : 655360 6722112 0 0 0 0 0 0 0 
bfs.1.sm_30.ptx 46 : 655360 4716640 0 0 0 0 0 0 0 
bfs.1.sm_30.ptx 45 : 655360 4683808 0 0 0 0 0 0 0 
bfs.1.sm_30.ptx 60 : 65536 0 0 0 0 0 0 0 0 
bfs.1.sm_30.ptx 31 : 655360 4348384 0 0 0 0 0 0 0 
bfs.1.sm_30.ptx 90 : 126844 64140960 0 0 0 71028 48745 0 0 
bfs.1.sm_30.ptx 32 : 655360 4291488 0 0 0 0 0 0 0 
bfs.1.sm_30.ptx 33 : 655360 2441664 0 0 0 0 0 0 0 
bfs.1.sm_30.ptx 34 : 655360 2329248 0 0 0 0 0 0 0 
bfs.1.sm_30.ptx 93 : 393216 3942251 0 0 0 0 0 0 0 
bfs.1.sm_30.ptx 35 : 655360 2292384 0 0 0 0 0 0 0 
bfs.1.sm_30.ptx 94 : 393216 3947853 0 0 0 0 0 0 0 
bfs.1.sm_30.ptx 36 : 655360 2290112 0 0 0 0 0 0 0 
bfs.1.sm_30.ptx 95 : 393216 3944045 0 0 0 0 0 0 0 
bfs.1.sm_30.ptx 37 : 655360 2245664 0 0 0 0 0 0 0 
bfs.1.sm_30.ptx 96 : 393216 2770151 0 0 0 0 0 0 0 
bfs.1.sm_30.ptx 38 : 655360 4051616 0 0 0 0 0 0 0 
bfs.1.sm_30.ptx 39 : 655360 4852192 0 0 0 0 0 0 0 
bfs.1.sm_30.ptx 40 : 655360 4239232 0 0 0 0 0 0 0 
bfs.1.sm_30.ptx 41 : 655360 6848256 0 0 0 0 0 0 0 
bfs.1.sm_30.ptx 100 : 655360 4009408 0 0 0 0 0 0 0 
bfs.1.sm_30.ptx 42 : 655360 4794720 0 0 0 0 0 0 0 
bfs.1.sm_30.ptx 43 : 655360 0 0 0 0 0 0 0 0 
bfs.1.sm_30.ptx 62 : 65536 466031 0 0 0 0 0 0 0 
bfs.1.sm_30.ptx 63 : 65536 467411 0 0 0 0 0 0 0 
bfs.1.sm_30.ptx 64 : 65536 467208 0 0 0 0 0 0 0 
bfs.1.sm_30.ptx 65 : 65536 663775 0 0 0 0 0 0 0 
bfs.1.sm_30.ptx 66 : 65536 667120 0 0 0 0 0 0 0 
bfs.1.sm_30.ptx 67 : 65536 19373485 0 0 0 14540 8358 0 0 
bfs.1.sm_30.ptx 68 : 65536 664295 0 0 0 0 0 0 0 
bfs.1.sm_30.ptx 69 : 65536 670466 0 0 0 0 0 0 0 
bfs.1.sm_30.ptx 70 : 65536 476103 0 0 0 0 0 0 0 
bfs.1.sm_30.ptx 71 : 65536 481937 0 0 0 0 0 0 0 
bfs.1.sm_30.ptx 74 : 393216 306931438 0 0 0 238544 73417 0 0 
bfs.1.sm_30.ptx 75 : 393216 2761403 0 0 0 0 0 0 0 
bfs.1.sm_30.ptx 76 : 393216 3947459 0 0 0 0 0 0 0 
bfs.1.sm_30.ptx 77 : 393216 347605922 0 0 0 392389 73417 0 0 
bfs.1.sm_30.ptx 78 : 393216 2761033 0 0 0 0 0 0 0 
bfs.1.sm_30.ptx 79 : 393216 1602122 0 0 0 0 0 0 30393 
bfs.1.sm_30.ptx 81 : 126844 69158563 0 0 0 48745 48745 0 0 
bfs.1.sm_30.ptx 82 : 126844 1271994 0 0 0 0 0 0 0 
bfs.1.sm_30.ptx 83 : 126844 1271870 0 0 0 0 0 0 0 
bfs.1.sm_30.ptx 84 : 126844 1275475 0 0 0 0 0 0 0 
bfs.1.sm_30.ptx 85 : 126844 6135515 0 0 0 126762 48745 0 0 
bfs.1.sm_30.ptx 86 : 126844 1274833 0 0 0 0 0 0 0 
bfs.1.sm_30.ptx 87 : 126844 766420 0 0 0 0 0 0 0 
bfs.1.sm_30.ptx 88 : 126844 6624605 0 0 0 126762 48745 0 0 
bfs.1.sm_30.ptx 89 : 126844 66413269 0 0 0 71028 48745 0 0 
